63636 4 43 9%
57435 4 46 8%
76423 7 58 12%
58248 7 43 16%
64873 5 50 10%
78234 7 59 11%
46544 1 35 2%
82171 5 57 8%
52395 6 42 14%
70894 5 47 10%
61046 2 44 4%
135223 31 104 29%
65727 4 44 9%
74518 5 52 9%
45801 2 34 5%
3124698 2086 2400 86%
70388 7 55 12%
1033129 629 799 78%
266824 102 197 51%
63884 5 48 10%
217419 75 168 44%
452509 230 348 66%
93922 16 69 23%
360184 154 262 58%
709718 383 522 73%
683125 387 516 75%
58991 3 43 6%
56963 2 38 5%
382866 172 289 59%
75784 11 57 19%
73452 10 55 18%
97558 9 67 13%
604109 343 474 72%
93398 12 70 17%
96438 18 76 23%
86507 10 60 16%
53793 3 41 7%
4633562 2992 3425 87%
2733867 1800 2071 86%
4929177 3313 3695 89%
253235 84 184 45%
11629769 7083 8112 87%
5239080 3553 4013 88%
6389734 4282 4850 88%
225493 83 167 49%
15802012 11223 12137 92%
6708132 4571 5101 89%
108663 13 76 17%
1278909 852 1081 78%
70309 4 54 7%
261520 98 197 49%
91633 17 68 25%
83802 13 63 20%
97577 18 69 26%
76222 6 57 10%
2441907 1512 1823 82%
66632 10 53 18%
10958448 7698 8527 90%
116736 20 87 22%
5257585 3169 3685 85%
83671 4 56 7%
67444 11 52 21%
77289 13 60 21%
89966 12 66 18%
74969 7 55 12%
89194 4 64 6%
99283 17 73 23%
105013 30 86 34%
90690 16 67 23%
67404 5 48 10%
76831 5 56 8%
71286 4 48 8%
70212 2 47 4%
90722 12 69 17%
75639 12 58 20%
76031 6 49 12%
178190 58 132 43%
11675219 8070 8873 90%
71003 7 56 12%
3859106 2548 2903 87%
13716610 9315 10361 89%
77443 11 55 20%
82310 11 58 18%
11587670 7924 8720 90%
75033 6 53 11%
859249 529 667 79%
206706 67 151 44%
15802012 11220 12137 92%
113714 30 85 35%
79646 9 56 16%
27947 0 24 0%
4493604 3458 4101 84%
2695309 1791 2071 86%
55673 4 41 9%
380862 170 284 59%
69786 4 51 7%
190711 55 140 39%
171125 36 127 28%
171126 37 126 29%
1610462 886 1138 77%
2812407 1840 2120 86%
324642 144 250 57%
101517 22 79 27%
262410 96 194 49%
58663 3 44 6%
64349 5 48 10%
60390 2 43 4%
67551 7 49 14%
8242976 5667 6282 90%
22560630 15611 17143 91%
1145128 599 812 73%
102854 18 75 24%
49721 2 36 5%
55413 5 41 12%
50378 4 39 10%
4146835 2662 3055 87%
252555 83 185 44%
66282 8 48 16%
169036 43 125 34%
64902 4 48 8%
111859 29 93 31%
7989091 5318 5952 89%
2783822 1767 2049 86%
3164156 2010 2323 86%
739297 445 570 78%
86045 9 67 13%
861530 481 648 74%
502785 276 381 72%
378946 189 289 65%
56481 2 37 5%
105337 11 72 15%
128249 38 103 36%
69734 7 52 13%
1849550 1386 1643 84%
316684 143 244 58%
70260 5 50 10%
61581 5 46 10%
2661260 1672 1957 85%
643328 355 488 72%
66929 4 47 8%
78025 9 61 14%
55211 2 38 5%
138268 37 107 34%
57169 3 38 7%
52209 3 40 7%
62963 5 42 11%
2608796 1639 1956 83%
151396 35 108 32%
317803 112 226 49%
2733542 1669 1978 84%
93592 18 69 26%
78959 6 55 10%
8204128 5661 6325 89%
67676 7 51 13%
64633 9 51 17%
255234 84 183 45%
74048 11 59 18%
73808 2 51 3%
62600 5 48 10%
569344 313 434 72%
1038868 584 762 76%
826103 496 636 77%
97051 13 67 19%
103758 18 77 23%
7525929 4246 5079 83%
69495 8 52 15%
67115 4 47 8%
948911 582 738 78%
99762 18 81 22%
109115 19 82 23%
97421 15 72 20%
2904191 1967 2223 88%
3280537 2148 2450 87%
1268287 791 966 81%
15122430 10002 10961 91%
77618 7 54 12%
109550 16 78 20%
128940 37 106 34%
1465432 941 1121 83%
218440 74 164 45%
934051 543 700 77%
159529 31 110 28%
110348 18 82 21%
52480 5 43 11%
7142297 4890 5276 92%
156253 47 122 38%
64159 5 48 10%
67635 5 49 10%
3334836 2201 2516 87%
6054045 4129 4585 90%
5278819 3570 4012 88%
4488914 3001 3422 87%
5705401 3880 4362 88%
5214208 3523 3958 89%
5292093 3630 4099 88%
4305964 2951 3311 89%
4047378 2652 3065 86%
4718175 3158 3577 88%
5269908 3616 4040 89%
5536310 3734 4184 89%
4004364 2664 3032 87%
4023692 2709 3067 88%
6546957 4500 5002 89%
2583387 1692 1954 86%
3473249 2318 2636 87%
5020987 3362 3783 88%
6006784 4130 4620 89%
5445385 3658 4143 88%
5554224 3755 4233 88%
4542350 3039 3429 88%
3780532 2592 2910 89%
5671547 3830 4289 89%
5707486 3831 4325 88%
4802353 3230 3648 88%
4294039 2906 3285 88%
6448292 4455 4979 89%
5017600 3427 3864 88%
6297553 4253 4783 88%
5721915 4000 4410 90%
3774828 2546 2877 88%
4523825 3096 3449 89%
5351854 3612 4063 88%
6587687 4478 5010 89%
5991259 4072 4567 89%
5751768 3920 4393 89%
2654921 1749 2040 85%
6259049 4245 4805 88%
5730682 3898 4366 89%
6134854 4187 4670 89%
5382028 3705 4129 89%
6145486 4171 4693 88%
5826560 4032 4544 88%
5969566 4031 4535 88%
5435087 3658 4116 88%
5240947 3533 3980 88%
3794058 2535 2865 88%
3165323 2125 2445 86%
6987373 4675 5279 88%
4231461 2858 3226 88%
6030985 4088 4598 88%
5212203 3467 3920 88%
6601106 4513 5007 90%
5542016 3788 4262 88%
3986036 2675 3042 87%
6297848 3000 3076 97%
126734 35 106 33%
2452356 1550 1803 85%
4150662 2865 3185 89%
26877 0 21 0%
26897 0 22 0%
398656 202 306 66%
31779025 22166 24296 91%
64715 4 45 8%
850772 467 627 74%
619744 335 458 73%
5161069 3502 3959 88%
41356 3 31 9%
62818637 43474 47703 91%
817434 471 615 76%
769755 436 586 74%
15997 0 13 0%
86994864 60651 66431 91%
43999201 30808 33537 91%
785019 433 588 73%
3878268 2638 2974 88%
67371 11 53 20%
471991 215 334 64%
12288 0 7 0%
1886256 1175 1414 83%
514854 258 389 66%
48597 4 35 11%
16402010 11405 12471 91%
