63636 20 43 46%
57435 21 46 45%
76423 30 58 51%
58248 18 43 41%
64873 27 50 54%
78234 33 59 55%
46544 13 35 37%
82171 25 57 43%
52395 19 42 45%
70894 23 47 48%
61046 19 44 43%
135223 77 104 74%
65727 22 44 50%
74518 27 52 51%
45801 10 34 29%
3124698 2206 2400 91%
70388 26 55 47%
1033129 706 799 88%
266824 145 197 73%
63884 21 48 43%
217419 131 168 77%
452509 280 348 80%
93922 41 69 59%
360184 217 262 82%
709718 455 522 87%
683125 450 516 87%
58991 18 43 41%
56963 14 38 36%
382866 237 289 82%
75784 31 57 54%
73452 27 55 49%
97558 35 67 52%
604109 414 474 87%
93398 42 70 60%
96438 51 76 67%
86507 29 60 48%
53793 17 41 41%
4633562 3150 3425 91%
2733867 1881 2071 90%
4929177 3418 3695 92%
253235 145 184 78%
11629769 7367 8112 90%
5239080 3675 4013 91%
6389734 4462 4850 92%
225493 127 167 76%
15802012 11513 12137 94%
6708132 4752 5101 93%
108663 49 76 64%
1278909 995 1081 92%
70309 29 54 53%
261520 155 197 78%
91633 41 68 60%
83802 38 63 60%
97577 46 69 66%
76222 34 57 59%
2441907 1674 1823 91%
66632 28 53 52%
10958448 7970 8527 93%
116736 57 87 65%
5257585 3415 3685 92%
83671 29 56 51%
67444 30 52 57%
77289 27 60 45%
89966 37 66 56%
74969 21 55 38%
89194 38 64 59%
99283 44 73 60%
105013 57 86 66%
90690 37 67 55%
67404 26 48 54%
76831 30 56 53%
71286 27 48 56%
70212 22 47 46%
90722 44 69 63%
75639 31 58 53%
76031 19 49 38%
178190 100 132 75%
11675219 8274 8873 93%
71003 27 56 48%
3859106 2665 2903 91%
13716610 9542 10361 92%
77443 29 55 52%
82310 27 58 46%
11587670 8125 8720 93%
75033 22 53 41%
859249 589 667 88%
206706 108 151 71%
15802012 11513 12137 94%
113714 58 85 68%
79646 33 56 58%
27947 7 24 29%
4493604 3774 4101 92%
2695309 1904 2071 91%
55673 14 41 34%
380862 233 284 82%
69786 27 51 52%
190711 101 140 72%
171125 95 127 74%
171126 89 126 70%
1610462 1022 1138 89%
2812407 1950 2120 91%
324642 200 250 80%
101517 48 79 60%
262410 146 194 75%
58663 21 44 47%
64349 22 48 45%
60390 21 43 48%
67551 24 49 48%
8242976 5840 6282 92%
22560630 15810 17143 92%
1145128 726 812 89%
102854 46 75 61%
49721 10 36 27%
55413 21 41 51%
50378 17 39 43%
4146835 2842 3055 93%
252555 152 185 82%
66282 24 48 50%
169036 83 125 66%
64902 25 48 52%
111859 59 93 63%
7989091 5466 5952 91%
2783822 1865 2049 91%
3164156 2122 2323 91%
739297 493 570 86%
86045 40 67 59%
861530 577 648 89%
502785 326 381 85%
378946 226 289 78%
56481 14 37 37%
105337 41 72 56%
128249 70 103 67%
69734 24 52 46%
1849550 1510 1643 91%
316684 194 244 79%
70260 22 50 44%
61581 21 46 45%
2661260 1781 1957 91%
643328 413 488 84%
66929 20 47 42%
78025 40 61 65%
55211 15 38 39%
138268 68 107 63%
57169 15 38 39%
52209 16 40 40%
62963 16 42 38%
2608796 1800 1956 92%
151396 76 108 70%
317803 177 226 78%
2733542 1782 1978 90%
93592 42 69 60%
78959 28 55 50%
8204128 5832 6325 92%
67676 26 51 50%
64633 27 51 52%
255234 147 183 80%
74048 32 59 54%
73808 27 51 52%
62600 24 48 50%
569344 380 434 87%
1038868 662 762 86%
826103 567 636 89%
97051 37 67 55%
103758 44 77 57%
7525929 4768 5079 93%
69495 26 52 50%
67115 22 47 46%
948911 672 738 91%
99762 51 81 62%
109115 51 82 62%
97421 43 72 59%
2904191 2064 2223 92%
3280537 2253 2450 91%
1268287 869 966 89%
15122430 10295 10961 93%
77618 20 54 37%
109550 49 78 62%
128940 73 106 68%
1465432 1008 1121 89%
218440 117 164 71%
934051 618 700 88%
159529 73 110 66%
110348 50 82 60%
52480 23 43 53%
7142297 5074 5276 96%
156253 84 122 68%
64159 21 48 43%
67635 24 49 48%
3334836 2303 2516 91%
6054045 4242 4585 92%
5278819 3667 4012 91%
4488914 3166 3422 92%
5705401 4004 4362 91%
5214208 3695 3958 93%
5292093 3746 4099 91%
4305964 3054 3311 92%
4047378 2798 3065 91%
4718175 3281 3577 91%
5269908 3755 4040 92%
5536310 3837 4184 91%
4004364 2757 3032 90%
4023692 2792 3067 91%
6546957 4624 5002 92%
2583387 1762 1954 90%
3473249 2429 2636 92%
5020987 3495 3783 92%
6006784 4249 4620 91%
5445385 3825 4143 92%
5554224 3871 4233 91%
4542350 3127 3429 91%
3780532 2655 2910 91%
5671547 3958 4289 92%
5707486 3980 4325 92%
4802353 3342 3648 91%
4294039 3054 3285 92%
6448292 4555 4979 91%
5017600 3572 3864 92%
6297553 4425 4783 92%
5721915 4069 4410 92%
3774828 2668 2877 92%
4523825 3197 3449 92%
5351854 3696 4063 90%
6587687 4611 5010 92%
5991259 4184 4567 91%
5751768 4025 4393 91%
2654921 1865 2040 91%
6259049 4344 4805 90%
5730682 4016 4366 91%
6134854 4360 4670 93%
5382028 3843 4129 93%
6145486 4316 4693 91%
5826560 4217 4544 92%
5969566 4142 4535 91%
5435087 3817 4116 92%
5240947 3679 3980 92%
3794058 2655 2865 92%
3165323 2235 2445 91%
6987373 4935 5279 93%
4231461 2960 3226 91%
6030985 4215 4598 91%
5212203 3580 3920 91%
6601106 4675 5007 93%
5542016 3954 4262 92%
3986036 2798 3042 91%
6297848 3046 3076 99%
126734 81 106 76%
2452356 1652 1803 91%
4150662 2951 3185 92%
26877 4 21 19%
26897 6 22 27%
398656 248 306 81%
31779025 22991 24296 94%
64715 17 45 37%
850772 546 627 87%
619744 380 458 82%
5161069 3644 3959 92%
41356 8 31 25%
62818637 46676 47703 97%
817434 532 615 86%
769755 509 586 86%
15997 2 13 15%
86994864 64440 66431 97%
43999201 32036 33537 95%
785019 519 588 88%
3878268 2747 2974 92%
67371 30 53 56%
471991 291 334 87%
12288 0 7 0%
1886256 1285 1414 90%
514854 329 389 84%
48597 13 35 37%
16402010 11732 12471 94%
