63636 10 43 23%
57435 12 46 26%
76423 19 58 32%
58248 10 43 23%
64873 14 50 28%
78234 20 59 33%
46544 5 35 14%
82171 14 57 24%
52395 11 42 26%
70894 13 47 27%
61046 5 44 11%
135223 56 104 53%
65727 11 44 25%
74518 16 52 30%
45801 8 34 23%
3124698 2120 2400 88%
70388 16 55 29%
1033129 685 799 85%
266824 126 197 63%
63884 12 48 25%
217419 97 168 57%
452509 265 348 76%
93922 24 69 34%
360184 191 262 72%
709718 405 522 77%
683125 411 516 79%
58991 9 43 20%
56963 6 38 15%
382866 221 289 76%
75784 17 57 29%
73452 14 55 25%
97558 19 67 28%
604109 370 474 78%
93398 25 70 35%
96438 24 76 31%
86507 19 60 31%
53793 3 41 7%
4633562 3104 3425 90%
2733867 1857 2071 89%
4929177 3373 3695 91%
253235 109 184 59%
11629769 7238 8112 89%
5239080 3640 4013 90%
6389734 4416 4850 91%
225493 107 167 64%
15802012 11326 12137 93%
6708132 4637 5101 90%
108663 28 76 36%
1278909 901 1081 83%
70309 17 54 31%
261520 126 197 63%
91633 29 68 42%
83802 24 63 38%
97577 27 69 39%
76222 18 57 31%
2441907 1633 1823 89%
66632 17 53 32%
10958448 7783 8527 91%
116736 36 87 41%
5257585 3310 3685 89%
83671 15 56 26%
67444 17 52 32%
77289 19 60 31%
89966 26 66 39%
74969 12 55 21%
89194 18 64 28%
99283 26 73 35%
105013 40 86 46%
90690 25 67 37%
67404 11 48 22%
76831 17 56 30%
71286 14 48 29%
70212 10 47 21%
90722 34 69 49%
75639 21 58 36%
76031 12 49 24%
178190 72 132 54%
11675219 8149 8873 91%
71003 19 56 33%
3859106 2627 2903 90%
13716610 9447 10361 91%
77443 18 55 32%
82310 11 58 18%
11587670 8027 8720 92%
75033 18 53 33%
859249 545 667 81%
206706 86 151 56%
15802012 11326 12137 93%
113714 38 85 44%
79646 16 56 28%
27947 1 24 4%
4493604 3545 4101 86%
2695309 1853 2071 89%
55673 6 41 14%
380862 208 284 73%
69786 17 51 33%
190711 85 140 60%
171125 77 127 60%
171126 74 126 58%
1610462 979 1138 86%
2812407 1899 2120 89%
324642 182 250 72%
101517 40 79 50%
262410 137 194 70%
58663 9 44 20%
64349 13 48 27%
60390 9 43 20%
67551 14 49 28%
8242976 5784 6282 92%
22560630 15629 17143 91%
1145128 667 812 82%
102854 30 75 40%
49721 3 36 8%
55413 9 41 21%
50378 10 39 25%
4146835 2719 3055 89%
252555 117 185 63%
66282 14 48 29%
169036 70 125 56%
64902 11 48 22%
111859 46 93 49%
7989091 5418 5952 91%
2783822 1798 2049 87%
3164156 2092 2323 90%
739297 464 570 81%
86045 26 67 38%
861530 528 648 81%
502785 302 381 79%
378946 219 289 75%
56481 6 37 16%
105337 26 72 36%
128249 55 103 53%
69734 16 52 30%
1849550 1461 1643 88%
316684 171 244 70%
70260 13 50 26%
61581 11 46 23%
2661260 1710 1957 87%
643328 398 488 81%
66929 11 47 23%
78025 20 61 32%
55211 5 38 13%
138268 55 107 51%
57169 9 38 23%
52209 6 40 15%
62963 5 42 11%
2608796 1716 1956 87%
151396 50 108 46%
317803 152 226 67%
2733542 1733 1978 87%
93592 24 69 34%
78959 22 55 40%
8204128 5763 6325 91%
67676 18 51 35%
64633 13 51 25%
255234 120 183 65%
74048 20 59 33%
73808 11 51 21%
62600 13 48 27%
569344 346 434 79%
1038868 648 762 85%
826103 532 636 83%
97051 18 67 26%
103758 26 77 33%
7525929 4261 5079 83%
69495 14 52 26%
67115 14 47 29%
948911 635 738 86%
99762 38 81 46%
109115 34 82 41%
97421 28 72 38%
2904191 2022 2223 90%
3280537 2231 2450 91%
1268287 853 966 88%
15122430 10084 10961 91%
77618 9 54 16%
109550 27 78 34%
128940 55 106 51%
1465432 977 1121 87%
218440 91 164 55%
934051 605 700 86%
159529 61 110 55%
110348 35 82 42%
52480 9 43 20%
7142297 4998 5276 94%
156253 64 122 52%
64159 9 48 18%
67635 12 49 24%
3334836 2234 2516 88%
6054045 4173 4585 91%
5278819 3629 4012 90%
4488914 3077 3422 89%
5705401 3945 4362 90%
5214208 3595 3958 90%
5292093 3695 4099 90%
4305964 2975 3311 89%
4047378 2730 3065 89%
4718175 3215 3577 89%
5269908 3691 4040 91%
5536310 3767 4184 90%
4004364 2706 3032 89%
4023692 2757 3067 89%
6546957 4529 5002 90%
2583387 1732 1954 88%
3473249 2359 2636 89%
5020987 3431 3783 90%
6006784 4218 4620 91%
5445385 3730 4143 90%
5554224 3856 4233 91%
4542350 3078 3429 89%
3780532 2605 2910 89%
5671547 3857 4289 89%
5707486 3896 4325 90%
4802353 3270 3648 89%
4294039 2981 3285 90%
6448292 4487 4979 90%
5017600 3534 3864 91%
6297553 4342 4783 90%
5721915 4023 4410 91%
3774828 2628 2877 91%
4523825 3173 3449 91%
5351854 3696 4063 90%
6587687 4562 5010 91%
5991259 4164 4567 91%
5751768 3962 4393 90%
2654921 1802 2040 88%
6259049 4353 4805 90%
5730682 3977 4366 91%
6134854 4296 4670 91%
5382028 3798 4129 91%
6145486 4250 4693 90%
5826560 4149 4544 91%
5969566 4118 4535 90%
5435087 3771 4116 91%
5240947 3614 3980 90%
3794058 2605 2865 90%
3165323 2196 2445 89%
6987373 4823 5279 91%
4231461 2923 3226 90%
6030985 4157 4598 90%
5212203 3548 3920 90%
6601106 4581 5007 91%
5542016 3865 4262 90%
3986036 2726 3042 89%
6297848 3030 3076 98%
126734 56 106 52%
2452356 1623 1803 90%
4150662 2898 3185 90%
26877 2 21 9%
26897 3 22 13%
398656 226 306 73%
31779025 22573 24296 92%
64715 11 45 24%
850772 502 627 80%
619744 370 458 80%
5161069 3581 3959 90%
41356 5 31 16%
62818637 43966 47703 92%
817434 505 615 82%
769755 486 586 82%
15997 0 13 0%
86994864 63456 66431 95%
43999201 31749 33537 94%
785019 479 588 81%
3878268 2694 2974 90%
67371 15 53 28%
471991 249 334 74%
12288 0 7 0%
1886256 1239 1414 87%
514854 304 389 78%
48597 4 35 11%
16402010 11492 12471 92%
