3986036 2726 3042 89%
6297848 3030 3076 98%
126734 56 106 52%
2452356 1623 1803 90%
4150662 2898 3185 90%
26877 2 21 9%
26897 3 22 13%
398656 226 306 73%
31779025 22573 24296 92%
64715 11 45 24%
850772 502 627 80%
619744 370 458 80%
5161069 3581 3959 90%
41356 5 31 16%
62818637 43966 47703 92%
817434 505 615 82%
769755 486 586 82%
15997 0 13 0%
86994864 63456 66431 95%
43999201 31749 33537 94%
785019 479 588 81%
3878268 2694 2974 90%
67371 15 53 28%
471991 249 334 74%
12288 0 7 0%
1886256 1239 1414 87%
514854 304 389 78%
48597 4 35 11%
16402010 11492 12471 92%
