3986036 2675 3042 87%
6297848 3000 3076 97%
126734 35 106 33%
2452356 1550 1803 85%
4150662 2865 3185 89%
26877 0 21 0%
26897 0 22 0%
398656 202 306 66%
31779025 22166 24296 91%
64715 4 45 8%
850772 467 627 74%
619744 335 458 73%
5161069 3502 3959 88%
41356 3 31 9%
62818637 43474 47703 91%
817434 471 615 76%
769755 436 586 74%
15997 0 13 0%
86994864 60651 66431 91%
43999201 30808 33537 91%
785019 433 588 73%
3878268 2638 2974 88%
67371 11 53 20%
471991 215 334 64%
12288 0 7 0%
1886256 1175 1414 83%
514854 258 389 66%
48597 4 35 11%
16402010 11405 12471 91%
