3986036 2798 3042 91%
6297848 3046 3076 99%
126734 81 106 76%
2452356 1652 1803 91%
4150662 2951 3185 92%
26877 4 21 19%
26897 6 22 27%
398656 248 306 81%
31779025 22991 24296 94%
64715 17 45 37%
850772 546 627 87%
619744 380 458 82%
5161069 3644 3959 92%
41356 8 31 25%
62818637 46676 47703 97%
817434 532 615 86%
769755 509 586 86%
15997 2 13 15%
86994864 64440 66431 97%
43999201 32036 33537 95%
785019 519 588 88%
3878268 2747 2974 92%
67371 30 53 56%
471991 291 334 87%
12288 0 7 0%
1886256 1285 1414 90%
514854 329 389 84%
48597 13 35 37%
16402010 11732 12471 94%
